{
  "platt": {
    "A": 0.02455096442194135,
    "B": 0.8340549837755165,
    "fitted": true
  },
  "temperature": {
    "T": 10.0,
    "fitted": true
  },
  "beta": {
    "a": 0.021805511657181004,
    "b": 0.01,
    "c": 0.43153136816587123,
    "fitted": true
  },
  "histogram": {
    "bin_edges": [
      0.0,
      0.06666666666666667,
      0.13333333333333333,
      0.2,
      0.26666666666666666,
      0.3333333333333333,
      0.4,
      0.4666666666666667,
      0.5333333333333333,
      0.6,
      0.6666666666666666,
      0.7333333333333333,
      0.8,
      0.8666666666666667,
      0.9333333333333333,
      1.0
    ],
    "bin_calibrated": [
      0.03333333333333333,
      0.1,
      0.16666666666666669,
      0.23333333333333334,
      0.3,
      0.29411764705882354,
      0.2553191489361702,
      0.36363636363636365,
      0.2413793103448276,
      0.4,
      0.25,
      0.375,
      0.16666666666666666,
      0.25,
      0.9666666666666667
    ],
    "fitted": true
  },
  "conformal": {
    "quantile": 0.8839225617548864,
    "fitted": true
  },
  "calibration_data": {
    "probs": [
      [
        0.4127722138027907,
        0.41958020786172073,
        0.1676475783354886
      ],
      [
        0.5268754633135363,
        0.22642821219459486,
        0.24669632449186887
      ],
      [
        0.3343296725909166,
        0.337314223267578,
        0.32835610414150534
      ],
      [
        0.3462694459626265,
        0.45048788697680664,
        0.20324266706056687
      ],
      [
        0.4096576058969805,
        0.13249742981470822,
        0.45784496428831123
      ],
      [
        0.0848894474579887,
        0.5636642736951667,
        0.35144627884684454
      ],
      [
        0.22087315380235695,
        0.26800531195313665,
        0.5111215342445065
      ],
      [
        0.013954444600246628,
        0.43604401120464165,
        0.5500015441951117
      ],
      [
        0.04996340069578589,
        0.4008216506166279,
        0.5492149486875861
      ],
      [
        0.25438171335280924,
        0.2097852010862239,
        0.5358330855609669
      ],
      [
        0.33647131859561463,
        0.3265078502519402,
        0.33702083115244513
      ],
      [
        0.06839626155691843,
        0.15101156848825434,
        0.7805921699548273
      ],
      [
        0.38569340996363216,
        0.29177038219510826,
        0.3225362078412595
      ],
      [
        0.18546671500635473,
        0.46143741818365824,
        0.35309586680998706
      ],
      [
        0.6418805516485054,
        0.22096294767444066,
        0.13715650067705393
      ],
      [
        0.11607743824511359,
        0.2990086606861733,
        0.5849139010687131
      ],
      [
        0.457896657218727,
        0.41694533002442635,
        0.12515801275684668
      ],
      [
        0.2881236966123489,
        0.2746673445812178,
        0.43720895880643346
      ],
      [
        0.3862153708654791,
        0.31775079125275935,
        0.2960338378817616
      ],
      [
        0.25600702252347574,
        0.5534585115873706,
        0.19053446588915374
      ],
      [
        0.28620775388114755,
        0.29003008230188687,
        0.4237621638169656
      ],
      [
        0.16872890950928077,
        0.406815116261467,
        0.42445597422925213
      ],
      [
        0.43455782142492194,
        0.37284455673925926,
        0.1925976218358188
      ],
      [
        0.055571554489715874,
        0.3219928562120414,
        0.6224355892982428
      ],
      [
        0.6005991164707031,
        0.10079041174498708,
        0.29861047178431
      ],
      [
        0.37967657354015055,
        0.17106242417998047,
        0.449261002279869
      ],
      [
        0.25358153167628467,
        0.36055837327463985,
        0.38586009504907554
      ],
      [
        0.46538844366183585,
        0.16882423901531113,
        0.365787317322853
      ],
      [
        0.24683129427094136,
        0.19981630806254486,
        0.5533523976665138
      ],
      [
        0.25778376021171073,
        0.28276703489920196,
        0.4594492048890873
      ],
      [
        0.5076339300520634,
        0.09889605886201115,
        0.39347001108592555
      ],
      [
        0.011676927400699606,
        0.7775204349953545,
        0.21080263760394588
      ],
      [
        0.4575390276057907,
        0.29616657634882804,
        0.24629439604538125
      ],
      [
        0.1344704131007611,
        0.4070105323717183,
        0.4585190545275206
      ],
      [
        0.42831895956649574,
        0.3065124996924227,
        0.26516854074108154
      ],
      [
        0.11375776402149727,
        0.32491751459446505,
        0.5613247213840377
      ],
      [
        0.3952614029668261,
        0.24647849834745583,
        0.358260098685718
      ],
      [
        0.473070403738392,
        0.24341076806888085,
        0.2835188281927273
      ],
      [
        0.37637261918264764,
        0.3108989068957344,
        0.312728473921618
      ],
      [
        0.20625702649342148,
        0.4486589337367369,
        0.3450840397698417
      ],
      [
        0.48337785640402886,
        0.23173933570531358,
        0.28488280789065756
      ],
      [
        0.2232832210166472,
        0.5603535193406337,
        0.21636325964271907
      ],
      [
        0.5228152421186216,
        0.22370142301804213,
        0.2534833348633363
      ],
      [
        0.3111081877940117,
        0.6111721209803083,
        0.07771969122567997
      ],
      [
        0.42723472130854256,
        0.1542791249932925,
        0.4184861536981649
      ],
      [
        0.34094762428345426,
        0.37167592084353007,
        0.28737645487301555
      ],
      [
        0.3601704936348148,
        0.3013715550608636,
        0.3384579513043216
      ],
      [
        0.35500851855958515,
        0.22506048553215396,
        0.4199309959082609
      ],
      [
        0.285154411239688,
        0.5940169597937645,
        0.12082862896654761
      ],
      [
        0.28819198703189,
        0.35469309981417957,
        0.3571149131539305
      ],
      [
        0.14359779021573557,
        0.3830712285207273,
        0.4733309812635372
      ],
      [
        0.2798468692800796,
        0.16032560163042178,
        0.5598275290894986
      ],
      [
        0.6934260629220884,
        0.058300258588783765,
        0.2482736784891278
      ],
      [
        0.19587479435848265,
        0.19217841959483933,
        0.6119467860466781
      ],
      [
        0.49239926700298375,
        0.40715510266826266,
        0.10044563032875362
      ],
      [
        0.6285723618063195,
        0.0715656460719302,
        0.2998619921217504
      ],
      [
        0.11867388493182683,
        0.7178602710080644,
        0.16346584406010878
      ],
      [
        0.3833054230638691,
        0.28847803339372097,
        0.32821654354241
      ],
      [
        0.5480012731575394,
        0.19265034613038984,
        0.2593483807120707
      ],
      [
        0.07987822848486213,
        0.8935381017274644,
        0.026583669787673434
      ],
      [
        0.6629125068449317,
        0.054467726598265466,
        0.2826197665568029
      ],
      [
        0.4236822038706478,
        0.4911232595134683,
        0.08519453661588383
      ],
      [
        0.3776615577495458,
        0.24119863560809185,
        0.38113980664236236
      ],
      [
        0.23236183332619642,
        0.2903301923405011,
        0.47730797433330246
      ],
      [
        0.19428210428322887,
        0.5530731307160399,
        0.2526447650007313
      ],
      [
        0.07144965745903346,
        0.27170857446266683,
        0.6568417680782999
      ],
      [
        0.45220275921672676,
        0.11984961143730238,
        0.42794762934597086
      ],
      [
        0.07395313632117806,
        0.6421793341643764,
        0.2838675295144455
      ],
      [
        0.2016285244237295,
        0.5838037850560093,
        0.21456769052026126
      ],
      [
        0.16911184531076587,
        0.3555486087054415,
        0.47533954598379247
      ],
      [
        0.4308425614015095,
        0.28618497846260377,
        0.2829724601358865
      ],
      [
        0.17077272050158818,
        0.14108030092901402,
        0.6881469785693978
      ],
      [
        0.8140596281545518,
        0.06336085969361756,
        0.12257951215183079
      ],
      [
        0.05498594900552449,
        0.5508444437135049,
        0.3941696072809706
      ],
      [
        0.2446510479723478,
        0.3546687789049514,
        0.40068017312270066
      ],
      [
        0.1787677002123242,
        0.4554371675913923,
        0.3657951321962834
      ],
      [
        0.4716246018685156,
        0.0503837035533198,
        0.47799169457816465
      ],
      [
        0.38005087545361155,
        0.4732405404936612,
        0.14670858405272721
      ],
      [
        0.22834372637342196,
        0.5301497968072514,
        0.2415064768193267
      ],
      [
        0.3285453042589809,
        0.4452685848936791,
        0.22618611084733992
      ],
      [
        0.45926026616288396,
        0.2339454530036434,
        0.30679428083347265
      ],
      [
        0.056096472810150386,
        0.28178892305542275,
        0.6621146041344268
      ],
      [
        0.31939021120300404,
        0.3452436572759906,
        0.3353661315210054
      ],
      [
        0.17145243853282302,
        0.4512695821982664,
        0.3772779792689106
      ],
      [
        0.4612024029169606,
        0.029944335760356326,
        0.5088532613226832
      ],
      [
        0.008500686314126813,
        0.8761027459161721,
        0.11539656776970113
      ],
      [
        0.3632641460475497,
        0.32924170024456406,
        0.30749415370788624
      ],
      [
        0.36226741245225874,
        0.39688529440474213,
        0.2408472931429992
      ],
      [
        0.5881363092064391,
        0.1958965647709341,
        0.21596712602262683
      ],
      [
        0.7149047127992519,
        0.2823856596922532,
        0.0027096275084946687
      ],
      [
        0.11005821703278036,
        0.12875483028365622,
        0.7611869526835634
      ],
      [
        0.15063829769542958,
        0.3747422527293044,
        0.474619449575266
      ],
      [
        0.4448339363827833,
        0.3493405363778898,
        0.20582552723932687
      ],
      [
        0.6297202745258499,
        0.32840071346978633,
        0.04187901200436376
      ],
      [
        0.44619358106699386,
        0.4181301291523909,
        0.1356762897806153
      ],
      [
        0.47351499644540157,
        0.08204961199602817,
        0.44443539155857015
      ],
      [
        0.6349013200234231,
        0.36032408440278546,
        0.004774595573791317
      ],
      [
        0.0781103488563432,
        0.8932461401212213,
        0.02864351102243556
      ],
      [
        0.4794860011185851,
        0.22549442106088294,
        0.29501957782053195
      ],
      [
        0.5428530210607866,
        0.330074922759779,
        0.12707205617943432
      ],
      [
        0.2239105215697084,
        0.4483268294341467,
        0.3277626489961448
      ],
      [
        0.5020615821831329,
        0.4674639471880551,
        0.030474470628812002
      ],
      [
        0.4575889023633486,
        0.18689171435930624,
        0.35551938327734517
      ],
      [
        0.25573180104072446,
        0.3892228478962501,
        0.3550453510630254
      ],
      [
        0.3288560048189618,
        0.0829317331369198,
        0.5882122620441184
      ],
      [
        0.7031577298245791,
        0.2882687739159541,
        0.008573496259466754
      ],
      [
        0.536162523523465,
        0.03541491728891907,
        0.4284225591876159
      ],
      [
        0.20604645529841065,
        0.4387606255664543,
        0.35519291913513507
      ],
      [
        0.34358344639363203,
        0.2791127108055056,
        0.37730384280086254
      ],
      [
        0.2909643935906221,
        0.3331035166204427,
        0.3759320897889352
      ],
      [
        0.3308635828149597,
        0.2882231593070553,
        0.3809132578779851
      ],
      [
        0.6219853066514544,
        0.23950242260781104,
        0.1385122707407345
      ],
      [
        0.1417259881760163,
        0.26104849750014264,
        0.5972255143238411
      ],
      [
        0.3879348870327345,
        0.33951507085555827,
        0.27255004211170725
      ],
      [
        0.46771876651044303,
        0.07877065934125899,
        0.4535105741482981
      ],
      [
        0.3854367145214126,
        0.3796050476484393,
        0.23495823783014813
      ],
      [
        0.24412768897340748,
        0.05476121768477328,
        0.7011110933418192
      ],
      [
        0.43317051510385407,
        0.2077972806000671,
        0.3590322042960789
      ],
      [
        0.40915311396786536,
        0.05136777086070488,
        0.5394791151714298
      ],
      [
        0.2699453606964967,
        0.4208088662953579,
        0.3092457730081454
      ],
      [
        0.45917929909954897,
        0.1962196903838236,
        0.3446010105166275
      ],
      [
        0.22484991958089942,
        0.26676393275281574,
        0.5083861476662849
      ],
      [
        0.484466576433178,
        0.17269057543195226,
        0.3428428481348698
      ],
      [
        0.35554688154363273,
        0.3087550128912968,
        0.3356981055650705
      ],
      [
        0.7435844446869495,
        0.21590857640313016,
        0.04050697890992037
      ],
      [
        0.4103579962399913,
        0.3782166846914589,
        0.2114253190685498
      ],
      [
        0.4257790710657667,
        0.2860453801347962,
        0.288175548799437
      ],
      [
        0.5612178706250809,
        0.2651344032843319,
        0.17364772609058735
      ],
      [
        0.24599702340592133,
        0.48645106657685,
        0.2675519100172287
      ],
      [
        0.27536334170256255,
        0.543894789752167,
        0.1807418685452705
      ],
      [
        0.6565086503714015,
        0.25876547287959406,
        0.0847258767490045
      ],
      [
        0.06255101056350454,
        0.10668219449484993,
        0.8307667949416455
      ],
      [
        0.21200413363281131,
        0.27648392205653854,
        0.5115119443106502
      ],
      [
        0.16057362460200622,
        0.5785116730657489,
        0.26091470233224484
      ],
      [
        0.22876449722240288,
        0.2608152361349879,
        0.5104202666426092
      ],
      [
        0.07186258740716832,
        0.6598539638989988,
        0.2682834486938329
      ],
      [
        0.8184538672319678,
        0.1769794279364094,
        0.004566704831622823
      ],
      [
        0.23350452250722772,
        0.04870286183603648,
        0.7177926156567358
      ],
      [
        0.14803476531081686,
        0.5221786336711389,
        0.32978660101804425
      ],
      [
        0.374875576019228,
        0.2568466263776646,
        0.36827779760310736
      ],
      [
        0.7438962110632669,
        0.2509869668144666,
        0.0051168221222664895
      ],
      [
        0.18442946754376982,
        0.3178195127470787,
        0.4977510197091514
      ],
      [
        0.7397341894791327,
        0.12801732421364465,
        0.1322484863072227
      ],
      [
        0.7342426572276568,
        0.11180458958330404,
        0.15395275318903912
      ],
      [
        0.36775161334424444,
        0.37153485245552337,
        0.2607135342002323
      ],
      [
        0.6333335397651213,
        0.1763198740932089,
        0.19034658614166985
      ],
      [
        0.1878656687499611,
        0.3110302877886522,
        0.5011040434613867
      ],
      [
        0.31435514512636403,
        0.2942079112518746,
        0.39143694362176135
      ],
      [
        0.14656020557412916,
        0.3765942624728238,
        0.4768455319530471
      ],
      [
        0.29838652524984477,
        0.3332239957961665,
        0.36838947895398866
      ],
      [
        0.5059871117417264,
        0.4640386751651042,
        0.0299742130931696
      ],
      [
        0.6147975827010213,
        0.170431002669911,
        0.2147714146290676
      ],
      [
        0.38984809400049897,
        0.24576225823434886,
        0.36438964776515204
      ],
      [
        0.3448747934786822,
        0.6459884103005673,
        0.009136796220750398
      ],
      [
        0.2434423314311891,
        0.3825682589307445,
        0.3739894096380665
      ],
      [
        0.39799953210031197,
        0.4531656731110916,
        0.14883479478859638
      ],
      [
        0.4349236062602449,
        0.4458873306689147,
        0.11918906307084029
      ],
      [
        0.6011031602682252,
        0.38402704022416034,
        0.0148697995076144
      ],
      [
        0.09891031346728817,
        0.8769759009975499,
        0.024113785535161938
      ],
      [
        0.0018701369441470677,
        0.33608027592631456,
        0.6620495871295383
      ],
      [
        0.47038727341756253,
        0.4994271454483523,
        0.03018558113408505
      ],
      [
        0.3310804791374565,
        0.27014609734653605,
        0.3987734235160075
      ],
      [
        0.3122070634856132,
        0.37563673779265316,
        0.31215619872173356
      ],
      [
        0.17150516195588156,
        0.5963421621511098,
        0.23215267589300861
      ],
      [
        0.4115365771976009,
        0.4416905044392081,
        0.1467729183631909
      ],
      [
        0.02706984083271952,
        0.7897212312429583,
        0.18320892792432217
      ],
      [
        0.4565329529862049,
        0.3988755048055502,
        0.14459154220824497
      ],
      [
        0.4318388683677105,
        0.18204564977455615,
        0.38611548185773337
      ],
      [
        0.409934746809883,
        0.32201750117517325,
        0.2680477520149438
      ],
      [
        0.5895233211410215,
        0.30713676092528625,
        0.10333991793369225
      ],
      [
        0.12513462671573805,
        0.8106207799767333,
        0.06424459330752864
      ],
      [
        0.34551617818975744,
        0.34152564968863486,
        0.3129581721216077
      ],
      [
        0.724566820667877,
        0.03839204004725076,
        0.2370411392848722
      ],
      [
        0.45993516187373396,
        0.3462625048072114,
        0.19380233331905464
      ],
      [
        0.0987602334968327,
        0.5207332869410488,
        0.3805064795621186
      ],
      [
        0.36774921219708767,
        0.19470029087265323,
        0.437550496930259
      ],
      [
        0.3025358071355759,
        0.428272440606105,
        0.26919175225831915
      ],
      [
        0.3314724754794792,
        0.3461762453144536,
        0.32235127920606715
      ],
      [
        0.05109870185818465,
        0.4320787524206934,
        0.5168225457211219
      ],
      [
        0.4878379514955003,
        0.5028695407616652,
        0.009292507742834447
      ],
      [
        0.3107720674077439,
        0.3553576838608495,
        0.3338702487314066
      ],
      [
        0.1736918496851906,
        0.25743596760713483,
        0.5688721827076745
      ],
      [
        0.5770026445806168,
        0.06894448625780027,
        0.3540528691615829
      ],
      [
        0.1196343150388061,
        0.0564280924515837,
        0.8239375925096102
      ],
      [
        0.052030765234941836,
        0.5160067998290044,
        0.4319624349360537
      ],
      [
        0.41782578977842566,
        0.08469071768911575,
        0.49748349253245866
      ],
      [
        0.5576129013162718,
        0.20887242182815818,
        0.23351467685556995
      ],
      [
        0.31252364743372224,
        0.4695785646847362,
        0.21789778788154157
      ],
      [
        0.3021297995400979,
        0.26878720728272426,
        0.4290829931771779
      ],
      [
        0.11546665082001333,
        0.39336447819691245,
        0.49116887098307427
      ],
      [
        0.08478401191915906,
        0.4436111373978977,
        0.4716048506829433
      ],
      [
        0.35726916622221166,
        0.323549529030585,
        0.31918130474720335
      ],
      [
        0.25184407659511615,
        0.24743451361075747,
        0.5007214097941264
      ],
      [
        0.48109516101447247,
        0.44122727566040576,
        0.07767756332512192
      ],
      [
        0.21381640690001785,
        0.401625575884102,
        0.3845580172158802
      ],
      [
        0.4736931098340519,
        0.17497970946066177,
        0.35132718070528623
      ],
      [
        0.4131555612167601,
        0.20056101900349457,
        0.38628341977974523
      ],
      [
        0.2294195384556249,
        0.2742789701879734,
        0.4963014913564016
      ],
      [
        0.01904393071776775,
        0.8156674502526432,
        0.16528861902958902
      ],
      [
        0.33048573176462687,
        0.5101605332680327,
        0.15935373496734057
      ]
    ],
    "labels": [
      0,
      0,
      1,
      0,
      0,
      0,
      0,
      1,
      1,
      2,
      1,
      1,
      0,
      2,
      1,
      0,
      1,
      1,
      1,
      2,
      1,
      2,
      1,
      2,
      0,
      0,
      0,
      2,
      0,
      1,
      1,
      2,
      2,
      0,
      1,
      0,
      0,
      2,
      1,
      0,
      2,
      0,
      0,
      0,
      2,
      1,
      0,
      0,
      1,
      1,
      0,
      2,
      1,
      0,
      2,
      2,
      0,
      0,
      1,
      0,
      2,
      0,
      1,
      0,
      0,
      0,
      0,
      2,
      2,
      0,
      1,
      0,
      1,
      0,
      2,
      1,
      2,
      1,
      0,
      2,
      1,
      0,
      2,
      0,
      1,
      2,
      0,
      2,
      1,
      1,
      2,
      2,
      1,
      0,
      1,
      0,
      0,
      1,
      2,
      0,
      2,
      1,
      0,
      2,
      0,
      0,
      2,
      2,
      0,
      0,
      1,
      0,
      2,
      0,
      2,
      2,
      0,
      1,
      2,
      0,
      2,
      2,
      2,
      2,
      0,
      2,
      1,
      1,
      1,
      0,
      0,
      2,
      2,
      0,
      1,
      2,
      1,
      2,
      0,
      0,
      0,
      1,
      2,
      2,
      2,
      1,
      0,
      1,
      2,
      0,
      1,
      0,
      2,
      2,
      1,
      1,
      1,
      1,
      0,
      2,
      0,
      1,
      0,
      0,
      0,
      2,
      0,
      2,
      1,
      1,
      2,
      2,
      1,
      0,
      1,
      1,
      1,
      2,
      0,
      1,
      0,
      2,
      2,
      0,
      2,
      1,
      1,
      0,
      2,
      0,
      2,
      2,
      2,
      1,
      1,
      0,
      2,
      1,
      2,
      1
    ],
    "contexts": [
      "default",
      "default",
      "default",
      "default",
      "default",
      "default",
      "default",
      "default",
      "default",
      "default",
      "default",
      "default",
      "default",
      "default",
      "default",
      "default",
      "default",
      "default",
      "default",
      "default",
      "default",
      "default",
      "default",
      "default",
      "default",
      "default",
      "default",
      "default",
      "default",
      "default",
      "default",
      "default",
      "default",
      "default",
      "default",
      "default",
      "default",
      "default",
      "default",
      "default",
      "default",
      "default",
      "default",
      "default",
      "default",
      "default",
      "default",
      "default",
      "default",
      "default",
      "default",
      "default",
      "default",
      "default",
      "default",
      "default",
      "default",
      "default",
      "default",
      "default",
      "default",
      "default",
      "default",
      "default",
      "default",
      "default",
      "default",
      "default",
      "default",
      "default",
      "default",
      "default",
      "default",
      "default",
      "default",
      "default",
      "default",
      "default",
      "default",
      "default",
      "default",
      "default",
      "default",
      "default",
      "default",
      "default",
      "default",
      "default",
      "default",
      "default",
      "default",
      "default",
      "default",
      "default",
      "default",
      "default",
      "default",
      "default",
      "default",
      "default",
      "default",
      "default",
      "default",
      "default",
      "default",
      "default",
      "default",
      "default",
      "default",
      "default",
      "default",
      "default",
      "default",
      "default",
      "default",
      "default",
      "default",
      "default",
      "default",
      "default",
      "default",
      "default",
      "default",
      "default",
      "default",
      "default",
      "default",
      "default",
      "default",
      "default",
      "default",
      "default",
      "default",
      "default",
      "default",
      "default",
      "default",
      "default",
      "default",
      "default",
      "default",
      "default",
      "default",
      "default",
      "default",
      "default",
      "default",
      "default",
      "default",
      "default",
      "default",
      "default",
      "default",
      "default",
      "default",
      "default",
      "default",
      "default",
      "default",
      "default",
      "default",
      "default",
      "default",
      "default",
      "default",
      "default",
      "default",
      "default",
      "default",
      "default",
      "default",
      "default",
      "default",
      "default",
      "default",
      "default",
      "default",
      "default",
      "default",
      "default",
      "default",
      "default",
      "default",
      "default",
      "default",
      "default",
      "default",
      "default",
      "default",
      "default",
      "default",
      "default",
      "default",
      "default",
      "default",
      "default",
      "default",
      "default",
      "default",
      "default"
    ]
  },
  "adaptive_weights": {}
}